531 213
530 18
2951 177
2950 135
535 21
1821 28
2953 89
534 15
1822 23
2952 29
533 160
2955 97
532 20
1820 19
2954 101
539 17
1825 173
2957 177
538 20
1826 91
2956 124
537 34
1823 21
2959 123
536 144
1824 202
2958 115
1829 198
1827 216
1828 109
3 15
540 17
2940 186
2 17
1 16
542 11
541 13
7 13
544 14
2944 125
6 16
543 13
2943 136
5 13
546 17
1810 180
2942 27
4 13
545 19
1811 231
2941 100
548 18
1812 21
2948 118
547 14
1813 26
2947 161
9 13
1814 18
2946 106
8 17
549 19
1815 21
2945 108
1816 33
1817 24
1818 32
1819 28
2949 162
2980 124
513 11
1843 76
2975 22
512 12
1844 290
2974 27
511 15
1841 24
2977 120
510 15
1842 23
2976 27
2971 171
1840 21
2970 167
2973 94
2972 116
519 14
1849 17
518 14
517 15
1847 235
2979 207
516 12
1848 39
2978 161
515 16
1845 146
514 11
1846 183
2100 13
522 14
1830 27
2966 120
521 11
1831 23
2965 27
524 15
1832 19
2964 26
523 11
1833 21
2963 130
2962 87
2961 93
520 12
2960 17
1838 20
529 19
1839 29
526 13
1834 134
525 17
1835 85
2969 105
528 14
1836 94
2968 150
527 128
1837 49
2967 144
571 16
2111 105
570 14
2110 129
2109 122
574 17
2103 22
2992 23
575 16
2104 24
2993 169
572 16
2101 23
2994 80
573 16
2102 19
2995 17
578 16
2107 67
2996 161
579 10
2108 55
2997 111
576 12
2105 119
2998 179
577 11
2106 209
2999 110
580 13
2120 21
2991 156
2990 179
582 12
2122 25
581 16
2121 19
2989 168
583 16
2112 108
2983 26
584 16
2113 208
2984 73
585 186
2114 114
2981 142
586 18
2115 21
2982 19
587 12
2116 36
2987 166
588 12
2117 32
2988 126
589 16
2118 28
2985 178
2119 20
2986 167
2133 28
2132 23
2131 20
2130 135
1809 100
1808 72
1807 155
1806 134
1805 207
1804 25
1803 28
558 105
1802 34
559 16
1801 36
556 17
1800 20
2129 59
557 11
554 14
2127 172
555 12
2128 85
552 13
2125 121
553 18
2126 47
550 17
2123 24
551 17
2124 22
2142 163
2141 101
560 13
2144 187
2143 30
2140 100
569 11
565 10
2138 137
566 12
2139 80
567 15
568 15
561 18
2134 91
562 11
2135 89
563 11
2136 43
564 11
2137 144
2146 140
2145 186
2148 104
2147 127
2149 41
2150 111
2151 116
3200 135
2152 140
2153 131
2154 139
2155 98
3201 96
1894 28
2159 25
3202 107
1895 23
2158 39
3203 104
1892 164
2157 23
3204 101
1893 42
2156 25
1898 24
1899 31
1896 23
1897 19
2161 19
2162 85
2160 169
2165 85
2166 111
2163 147
2164 128
2168 71
2167 170
2169 108
2174 81
2175 175
2176 189
2177 201
2170 53
2171 16
2172 17
2173 35
2179 134
2178 194
2180 58
2187 133
2188 202
2185 75
2186 175
2183 20
2184 187
2181 238
2182 20
1868 116
2914 104
1867 93
2915 91
2912 119
1869 123
2913 121
2918 144
2919 158
2916 222
2917 23
1860 62
2189 195
1862 198
1861 96
1864 20
2910 27
1863 25
2911 238
1866 33
1865 16
2193 63
2192 53
2195 180
2194 183
2197 190
2196 239
2199 22
2198 243
2191 18
2190 11
505 12
1859 60
2901 141
506 11
1858 57
2902 150
503 17
1857 26
2903 128
504 11
1856 356
2904 73
509 11
2905 224
2906 132
507 13
2907 116
508 11
2908 20
1851 19
1850 26
501 11
1855 156
502 12
1854 164
1853 163
500 11
1852 97
2900 103
2909 26
2938 112
2939 171
2936 133
1889 148
2937 121
2934 25
2935 22
1886 187
2932 60
1885 161
2933 38
1888 133
2930 81
1887 59
2931 377
1882 30
1881 23
1884 107
1883 24
1890 177
1891 147
2927 128
2928 150
2929 149
2923 176
2924 187
1879 191
2925 191
1878 129
2926 90
1877 164
1876 56
2920 134
1875 115
2921 202
1874 150
2922 228
1873 46
1872 19
1871 93
1870 72
1880 28
595 113
594 18
597 16
596 52
599 14
598 59
590 16
591 21
592 12
593 17
2210 159
1728 156
1729 27
1726 219
2858 123
1727 291
2857 111
1724 110
2209 67
1725 237
2208 201
2859 152
1722 129
2207 93
2854 15
1723 87
2206 46
2853 22
1720 52
2205 23
2856 150
1721 156
2204 95
2855 105
2203 174
2850 157
2202 197
2201 159
2852 125
2200 128
2851 253
2220 112
2221 27
409 125
1717 83
408 22
1718 57
1719 135
405 47
1713 96
2849 173
404 15
1714 26
2219 209
2848 95
407 19
1715 18
2847 102
406 30
1716 29
2846 195
401 15
2216 181
2845 83
400 22
1710 128
2215 194
2844 24
403 22
1711 163
2218 141
2843 78
402 11
1712 55
2217 268
2842 132
2212 18
2841 144
2211 112
2840 121
2214 45
2213 30
418 11
1704 24
2836 84
417 105
1705 236
2835 99
416 24
1702 15
2838 168
415 17
1703 138
2837 93
1708 85
1709 127
2839 68
1706 145
419 13
1707 71
410 13
2830 20
414 46
1700 192
2832 116
413 18
1701 15
2831 23
412 14
2834 99
411 20
2833 164
427 10
2827 142
426 14
2826 134
429 17
2825 37
428 12
2824 32
2829 180
2828 211
421 15
420 11
423 12
2823 113
422 11
2822 80
425 13
2821 102
424 12
2820 180
2254 161
2253 140
2252 166
2251 90
2250 22
435 118
2897 197
436 14
2898 131
433 18
2248 98
2899 104
434 15
2249 109
431 12
2246 112
2893 209
432 15
2247 147
2894 106
2244 22
2895 76
430 12
2245 183
2896 72
439 23
437 15
438 20
2263 221
2892 128
2262 76
2891 86
2265 205
2890 168
2264 149
2261 105
2260 26
444 14
2259 29
2888 116
445 11
2889 228
446 13
2886 189
447 15
2887 218
440 123
2255 31
2884 133
441 150
2256 27
2885 111
442 15
2257 23
2882 162
443 17
2258 60
2883 196
448 12
449 12
450 16
2232 201
2231 115
2230 111
2881 68
2880 72
453 13
2224 32
2871 136
454 15
2225 23
2872 15
451 17
2222 26
2873 122
452 17
2223 26
2874 85
457 17
2228 102
2875 30
458 15
2229 160
2876 191
455 13
2226 79
2877 100
456 11
2227 102
2878 165
2879 35
459 12
2241 31
2870 152
2240 22
461 20
2243 25
460 11
2242 31
462 135
2233 419
2862 153
463 15
2234 20
2863 101
464 157
2235 20
2860 137
465 11
2236 34
2861 21
466 12
2237 11
2866 88
467 14
2238 14
2867 87
468 13
2239 36
2864 181
469 12
2865 143
2868 127
2869 82
2289 285
2288 115
2295 33
2296 18
2297 176
2298 116
2291 28
2292 20
2293 20
2294 22
2290 37
1799 20
1797 23
1798 23
1795 25
1796 27
1793 27
1794 26
2299 119
1782 68
2267 78
1783 101
2266 99
1784 113
2269 22
1785 62
2268 116
1786 84
1787 85
1788 157
1789 15
2270 28
2271 17
2272 61
1790 25
2273 128
2274 170
1792 170
2275 116
1791 24
2276 123
1779 21
1773 17
1774 78
2279 39
1771 189
2278 27
1772 14
2277 139
1777 25
1778 20
1775 32
1776 16
2282 23
2283 134
2280 29
2281 24
1781 89
2286 95
1780 29
2287 124
2284 28
2285 72
1765 97
2811 128
1764 161
2812 196
1767 95
1766 86
2810 156
1761 23
1760 19
1763 33
1762 16
2819 125
2817 113
2818 20
1769 186
2815 79
1768 173
2816 134
2813 66
2814 14
1770 106
1756 30
1755 19
1754 109
2800 156
1753 102
2801 128
1752 134
1751 138
1750 154
2806 70
2807 123
2808 95
2809 94
2802 135
1759 16
2803 39
1758 21
2804 57
1757 37
2805 91
1741 231
1740 95
1743 78
1742 134
1745 128
1744 94
1747 197
1746 62
1749 104
1748 146
1730 23
1734 30
1733 23
1732 20
1731 22
1738 143
1737 18
1736 27
1735 78
1739 96
35 16
36 24
33 21
34 13
39 44
37 13
38 17
43 15
42 19
41 16
40 181
22 20
23 22
24 14
25 13
26 15
27 20
28 15
29 12
30 19
32 15
31 11
19 13
17 14
18 16
15 12
16 15
13 13
14 30
11 30
12 18
21 14
20 52
10 13
79 18
78 128
77 17
82 40
83 19
80 23
81 13
86 45
87 22
84 36
85 16
67 12
66 18
69 37
68 100
70 51
71 165
72 13
73 14
74 14
75 15
76 18
59 33
58 66
57 11
56 11
55 11
1699 179
1698 161
1695 218
1694 79
1697 142
1696 90
64 14
65 21
62 16
63 63
60 19
61 12
49 16
48 170
45 16
44 16
47 17
46 102
51 20
52 26
53 12
54 25
50 16
487 10
486 12
485 16
484 12
489 19
488 18
482 16
483 51
480 16
481 24
474 13
473 10
476 16
475 15
478 11
477 17
479 60
470 13
471 11
472 12
2788 27
2787 142
2789 17
2784 76
2783 28
2786 204
2785 98
2790 17
2791 19
2792 12
2793 13
99 15
98 20
97 26
96 79
95 102
94 38
93 34
92 93
91 15
90 21
499 12
2799 113
2798 144
496 17
2797 19
495 131
2796 17
498 12
2795 143
497 185
2794 167
491 23
492 105
493 18
494 27
490 14
88 28
89 25
338 12
339 17
332 66
333 25
330 19
331 18
336 26
337 15
334 18
335 90
349 14
341 11
342 16
343 16
344 14
345 17
346 17
347 15
348 16
340 11
318 15
319 106
316 19
317 19
314 18
315 13
312 15
313 17
310 20
311 13
327 21
328 11
329 121
323 17
324 12
325 16
326 11
320 114
321 216
322 127
300 54
302 11
301 15
304 17
303 61
306 10
305 10
308 12
307 12
309 12
1601 140
1602 140
1600 12
1609 173
1607 14
1608 172
1605 171
1606 17
1603 100
1604 87
1626 134
1625 125
1628 91
1627 93
1629 70
1620 99
1622 83
1621 78
1624 30
1623 150
1617 17
1616 62
1615 69
1614 106
1619 55
1618 20
1613 116
1612 84
1611 60
1610 77
1648 13
1647 145
1649 96
1644 65
1643 78
1646 104
1645 97
1640 18
1642 88
1641 202
1639 13
1638 148
1637 125
1636 86
1635 77
1634 91
1633 59
1632 110
1631 72
1630 109
1671 191
1670 36
1661 18
1662 33
1663 25
1664 187
1665 384
1666 30
1667 42
1668 42
1669 41
1660 11
1652 172
1653 110
1650 201
1651 183
1656 17
1657 70
1654 85
1655 39
1658 98
1659 88
1691 185
1690 26
1693 131
1692 90
1687 26
1688 24
1689 30
1683 82
1684 150
1685 97
1686 98
1682 65
1681 178
1680 202
1678 89
1679 154
1676 149
1677 170
1674 135
1675 59
1672 70
1673 67
1578 18
1577 23
1579 19
1574 17
1573 19
1576 21
1575 17
1580 18
1581 19
1582 15
1583 17
1589 155
1588 123
1587 89
1586 47
1585 17
1584 20
1593 84
1594 132
1591 222
1592 83
1590 128
1596 16
1595 109
1598 17
1597 14
1599 17
391 15
390 17
393 22
392 16
395 11
394 13
396 116
397 162
398 12
399 22
383 18
384 12
381 15
382 16
380 68
389 12
388 18
387 12
386 12
385 11
370 12
371 17
372 12
373 14
379 10
378 18
375 11
374 11
377 11
376 11
361 16
362 13
360 13
366 15
365 17
364 15
363 15
369 14
368 16
367 79
350 20
351 19
353 15
352 13
355 15
354 22
357 14
356 11
359 11
358 15
2008 29
2009 24
2006 31
2007 10
2004 132
2005 27
2002 318
2003 228
2012 20
2011 20
2010 18
202 90
2017 138
203 21
2018 131
204 14
2019 114
205 53
2013 14
2014 22
200 15
2015 120
201 15
2016 104
206 12
207 15
208 18
209 16
2021 24
2020 231
2023 22
2022 21
211 13
212 11
210 20
215 18
216 19
213 14
214 15
219 12
217 9
218 15
220 20
221 15
222 52
223 11
224 94
225 15
226 18
227 10
228 11
229 11
2001 46
2000 121
2090 35
2092 206
2091 122
2098 29
2097 118
2099 30
2094 101
2093 115
2096 197
2095 121
1523 105
1522 12
1525 192
1524 105
1521 18
1520 19
1527 189
1526 93
1529 69
1528 96
1514 83
1513 12
1512 17
1511 27
1510 23
1519 130
1518 113
1517 181
1516 142
1515 68
2070 18
2072 24
2071 25
2074 36
2073 27
2076 71
2075 29
2078 88
2077 47
2068 21
2069 35
1501 69
1500 13
1503 131
1502 82
1505 103
1504 123
1507 84
1506 135
1509 17
1508 15
2081 151
2080 107
2085 21
2084 38
2083 126
2082 158
2089 19
2088 26
2087 22
2086 23
2079 15
1570 84
2053 186
2054 196
1572 184
2055 22
1571 103
2056 19
2050 128
2051 185
2052 86
1566 89
1567 68
1568 78
1569 47
1562 14
2047 109
1563 54
2046 230
1564 122
2049 64
1565 70
2048 89
1561 15
2066 23
1560 16
2067 28
2064 132
2065 168
2062 107
2063 11
2060 221
2061 205
1559 31
1557 15
1558 19
1555 16
1556 13
1553 77
1554 93
2059 111
1551 63
2058 23
1552 127
2057 31
2030 149
2031 127
2032 75
1550 133
2033 272
2034 87
1548 67
1549 114
1540 77
2025 26
1541 71
2024 20
1542 135
2027 29
1543 219
2026 13
1544 104
2029 20
1545 18
2028 28
1546 16
1547 18
2040 25
2041 22
2044 21
2045 22
2042 54
2043 26
1539 21
1537 14
1538 14
1531 38
2038 22
1532 13
2037 21
2036 129
1530 82
2035 233
1535 97
1536 103
1533 89
1534 139
2039 28
1475 74
1474 105
1477 21
1476 198
1479 15
1478 14
1480 16
1481 12
1482 88
1483 68
1484 96
1488 142
1487 144
1486 106
1485 118
1489 95
1490 17
1491 168
1494 18
1495 75
1492 13
1493 16
1457 115
1456 151
1459 80
1458 96
1453 146
1452 12
1455 151
1454 166
1460 63
1461 11
1462 121
1469 162
1468 140
1467 75
1466 11
1465 92
1464 112
1463 95
1472 65
1473 83
1470 278
1471 87
1496 78
1497 193
1498 49
1499 14
281 53
280 18
285 16
284 116
283 13
282 140
288 16
289 13
286 17
287 15
270 15
272 79
271 21
274 23
273 15
275 17
276 65
277 18
278 179
279 15
294 12
293 19
296 18
295 19
290 12
292 26
291 16
297 18
298 106
299 14
240 19
241 108
245 20
244 13
243 166
242 53
249 20
248 92
247 13
246 16
230 15
239 23
232 17
231 22
234 16
233 15
236 55
235 12
238 20
237 15
262 13
263 15
260 13
261 11
269 14
268 16
267 17
266 17
265 56
264 14
250 16
251 61
252 79
258 13
257 13
259 14
254 104
253 25
256 15
255 11
1411 146
1410 136
1415 179
941 60
1414 17
942 112
1413 112
1412 183
940 73
1419 16
945 17
1418 17
946 23
1417 69
943 14
1416 66
944 126
949 81
947 13
948 16
1420 79
1422 15
1421 106
1424 51
1423 190
1426 97
930 16
1425 187
931 19
1428 58
932 16
1427 125
933 11
934 12
1429 65
935 15
936 14
937 18
938 10
939 12
929 10
1437 16
1436 16
920 18
1435 117
1434 89
1433 191
1432 87
1431 45
1430 112
927 21
928 13
925 18
926 10
923 11
924 10
1439 84
921 13
1438 45
922 11
919 11
918 10
1440 61
1446 16
1445 102
1448 17
1447 16
1442 17
1441 115
1444 48
1443 88
914 13
915 12
916 10
917 10
910 14
1449 11
911 15
912 22
913 10
908 13
907 14
909 14
1450 20
1451 15
989 14
988 19
987 21
982 83
981 95
980 60
986 22
985 11
984 14
983 20
977 19
976 12
979 16
978 12
971 82
970 12
973 100
972 186
975 24
974 68
969 11
968 20
967 15
966 15
965 14
964 113
963 71
962 98
961 48
960 14
1409 165
959 17
958 15
1405 16
955 17
1406 17
954 23
1407 19
957 16
1408 216
956 15
1401 50
951 49
1402 64
950 119
1403 110
953 13
1404 115
952 15
1400 49
996 17
997 14
994 12
995 11
992 13
993 13
990 56
991 16
998 13
999 13
2508 18
2507 46
2506 23
2505 24
2509 15
2500 165
2504 31
2503 14
2502 27
2501 143
2517 93
2516 110
2519 104
2518 101
2511 11
2510 19
2513 87
2512 22
2515 140
2514 86
2529 24
2528 24
2527 114
2526 172
2525 169
2524 120
2523 123
2522 146
2521 28
2520 33
2540 19
2539 34
2538 141
2535 180
2534 210
2537 134
2536 116
2531 19
2530 27
2533 35
2532 21
2437 181
2438 199
2435 62
2436 72
2433 147
2434 77
2431 27
2432 23
2439 105
2441 14
2440 22
2424 191
2425 13
2426 29
2427 20
2420 145
2421 241
2422 18
2423 151
2428 29
2429 40
2430 28
2455 135
2456 142
2453 144
2454 87
2459 18
2457 90
2458 18
2463 16
2462 16
2461 13
2460 14
2442 15
2443 17
2444 31
2445 21
2446 35
2447 57
2448 17
2449 69
2450 92
2452 142
2451 192
2479 139
2478 22
2477 28
2476 29
2475 23
2484 188
2485 117
2482 94
2483 247
2480 152
2481 102
2469 74
2468 21
2465 31
2464 27
2467 27
2466 25
2471 155
2472 21
2473 24
2474 26
2470 264
2499 222
2498 104
2497 175
2487 86
2486 129
2489 30
2488 54
2490 104
2491 63
2492 82
2493 70
2494 147
2495 36
2496 137
1395 82
1396 61
1393 134
1394 123
1391 94
1392 106
1390 154
1389 85
1388 117
1387 119
1386 118
1382 82
1383 76
1384 99
1385 159
1380 75
1381 197
1379 194
1376 13
1375 12
1378 17
1377 13
1398 114
1397 126
1399 54
1352 65
1351 67
1350 274
1348 127
1349 123
1346 125
1347 101
1344 72
1345 45
1342 12
1343 12
1341 97
1340 32
1339 19
1335 16
1336 18
1337 19
1338 18
1331 104
1332 36
1333 78
1334 112
1370 14
1374 16
1373 37
1372 15
1371 17
1366 239
1367 23
1364 65
1365 151
1368 50
1369 55
1361 16
1360 16
1363 73
1362 164
1353 61
1354 110
1355 13
1356 12
1357 12
1358 89
1359 147
806 15
807 13
804 14
805 11
802 9
1319 16
803 11
1318 12
800 22
1317 13
801 15
1316 16
1315 171
1314 71
159 12
1313 17
158 13
1312 12
157 14
1311 11
156 18
1310 21
155 10
154 15
152 13
153 14
150 15
151 12
1329 17
1328 14
1325 140
1324 132
169 13
1327 135
1326 105
1321 13
166 19
1320 13
165 17
1323 163
168 18
1322 12
167 15
161 15
162 14
163 14
1330 17
164 16
160 13
824 115
825 80
822 43
823 19
828 36
829 19
826 17
827 24
179 19
178 12
177 25
176 17
820 14
821 17
170 17
171 15
174 25
175 22
172 12
173 14
819 12
1307 210
811 11
1306 60
812 11
1309 111
813 14
1308 158
814 13
815 14
816 14
817 10
818 17
188 18
187 11
1301 14
1300 12
189 15
1303 20
1302 16
1305 79
1304 37
810 12
180 19
181 19
182 19
183 13
184 24
185 121
186 16
809 11
808 12
843 10
116 92
842 18
117 19
841 15
114 17
840 14
115 12
112 16
113 14
110 11
111 82
849 182
848 77
847 28
846 13
845 15
118 14
844 12
119 13
830 17
125 12
126 16
832 13
127 10
831 15
128 12
121 14
122 20
123 80
124 57
838 13
837 13
839 15
834 15
129 15
833 17
836 15
835 16
120 17
861 101
134 18
860 67
135 14
132 11
133 17
865 107
138 18
864 16
139 12
863 11
136 16
862 16
137 17
869 13
868 23
867 147
866 12
131 15
130 15
143 21
144 124
850 67
145 13
146 81
852 19
147 15
851 108
148 14
854 161
149 27
853 13
856 80
855 117
858 80
857 41
859 11
140 13
142 16
141 14
888 22
889 16
884 22
885 13
886 13
887 32
880 16
881 16
882 12
883 14
879 17
877 18
878 17
875 15
876 13
873 12
874 12
871 12
872 17
870 15
890 35
899 12
893 89
894 99
891 105
892 82
897 24
898 11
895 33
896 16
195 13
194 16
197 13
196 16
191 14
190 9
193 15
192 17
2405 26
2404 21
2403 27
2402 214
198 16
2401 152
199 11
2400 96
2409 66
2408 60
2407 77
2406 140
2414 18
2413 61
2416 22
2415 30
2410 76
2412 29
2411 41
2418 24
2417 17
2419 22
2334 25
2335 26
2332 23
2333 28
2338 47
2339 100
2336 25
2337 53
2342 237
2341 212
2340 120
2329 21
2321 132
2322 69
2323 109
2324 117
2325 64
2326 88
2327 85
2328 23
2331 23
2330 34
2318 66
2319 160
2316 122
2317 171
2314 241
2315 55
2312 40
2313 127
2310 139
2311 69
2320 122
2307 150
2308 120
2309 43
2303 38
2304 74
2305 132
2306 62
2300 119
2301 157
2302 148
2379 131
2378 162
2377 166
2376 113
2381 19
2382 18
2380 149
2385 29
2386 16
2383 146
2384 20
2366 124
2365 70
2368 129
2367 132
2369 143
2370 111
2371 72
2372 146
2373 138
2374 98
2375 164
2359 171
2358 202
2357 136
2356 99
2355 131
2354 196
2363 24
2364 43
2361 22
2362 26
2360 24
2348 16
2347 25
2349 34
2344 267
2343 172
1298 18
2346 29
1299 16
2345 86
2350 22
2351 19
2352 21
2353 83
1292 104
1293 25
1290 182
1291 12
1296 12
1297 12
1294 89
1295 138
1289 14
1288 69
1287 17
1280 111
1281 73
1282 78
1283 12
1284 16
1285 23
1286 21
1277 17
1276 13
1279 62
1278 91
1274 69
1275 20
1272 167
1273 37
1270 81
1271 68
109 14
108 17
107 15
106 121
105 20
104 116
1269 14
103 110
1268 15
102 19
2398 121
1267 110
101 13
2399 63
1266 18
100 17
1265 182
1261 110
2397 14
1262 96
2396 198
1263 43
2395 54
1264 173
2394 40
2393 35
2392 23
2391 33
1260 82
2390 171
1259 80
1258 88
1255 87
2389 104
1254 46
1257 98
2387 62
1256 12
2388 132
1253 96
1252 98
1251 39
1250 17
1245 13
1246 12
1243 25
1244 14
1249 20
1247 91
1248 60
1240 11
1242 14
1241 13
1232 18
1233 74
1234 139
1235 167
1236 147
1237 98
1238 115
1239 12
1231 38
1230 53
1227 11
1228 12
1225 95
1226 106
1223 153
1224 53
1221 13
1222 17
1229 13
1220 13
1214 49
1215 62
1216 91
1217 17
1210 53
1211 40
1212 50
1213 39
904 13
903 13
906 14
905 13
1218 14
900 12
1219 18
902 11
901 13
748 19
747 16
746 11
745 11
749 12
740 11
744 12
743 10
742 13
741 13
735 16
734 17
737 13
736 14
739 11
738 12
731 104
730 100
733 17
732 13
729 12
728 90
727 68
726 58
725 13
724 211
723 10
722 12
721 56
720 20
709 10
717 74
716 10
719 100
718 36
713 12
712 12
715 13
714 10
711 12
710 12
700 12
703 11
704 29
701 12
702 12
707 11
708 14
705 19
706 13
1204 29
1203 12
1206 145
1205 24
1200 83
1202 13
1201 18
1208 16
1207 15
1209 20
2749 142
2748 49
2747 53
2742 121
3005 150
2741 116
3006 123
2740 152
3003 83
3004 118
2746 152
3009 66
2745 60
2744 99
3007 12
2743 30
3008 154
3013 143
3012 105
3011 149
3010 86
2759 25
2758 30
2751 130
2750 181
2753 238
2752 29
2755 16
2754 93
2757 17
2756 33
3000 107
3002 218
2760 15
3001 189
2769 79
2768 59
2767 164
2766 101
3029 16
2765 148
2764 86
3027 138
2763 24
3028 124
2762 21
3025 130
2761 15
3026 128
2770 83
3035 135
2771 121
3034 129
3033 190
3032 161
3031 149
3030 104
799 72
2777 126
3018 180
798 14
2776 130
3019 15
797 12
2779 63
796 205
2778 16
795 18
2773 21
3014 184
794 64
2772 82
3015 229
793 12
2775 21
3016 91
792 24
2774 12
3017 78
790 10
3022 100
791 13
2780 83
3021 238
2781 32
3024 160
2782 22
3023 107
3020 136
781 11
782 11
3049 203
783 10
3048 186
784 11
3047 175
785 18
2701 168
786 15
2702 215
787 11
788 20
2700 103
789 11
2705 147
2706 55
2703 143
2704 78
2709 163
2707 115
2708 71
3052 205
3053 119
3050 129
3051 30
3056 114
3057 205
780 19
3054 108
3055 103
772 14
3037 100
773 11
3036 138
770 14
3039 123
771 14
3038 80
776 16
2710 136
777 14
2711 138
774 10
2712 121
775 14
2713 19
2714 163
2715 111
778 21
2716 163
779 14
2717 119
2718 121
2719 110
3040 106
3041 219
3042 133
3043 108
3044 54
3045 83
3046 125
763 23
2723 162
764 17
2724 12
765 16
2721 199
766 13
2722 247
760 12
2720 136
761 61
762 18
3069 149
2729 35
767 40
2727 70
768 30
2728 103
769 13
2725 19
2726 177
3070 120
3071 122
3078 127
3079 50
3076 233
3077 374
3074 151
3075 109
3072 157
3073 97
754 12
2732 97
755 95
2733 94
752 14
2734 245
753 23
2735 33
750 13
3059 151
751 19
3058 87
2730 97
2731 22
758 46
2736 23
759 86
2737 137
756 18
2738 81
757 14
2739 176
3060 72
3065 121
3066 132
3067 159
3068 101
3061 23
3062 22
3063 25
3064 149
1196 100
3089 82
1195 110
3088 115
1198 59
3087 205
1197 151
3086 120
1192 14
3085 134
1191 13
3084 118
1194 201
3083 89
1193 11
3082 112
3081 198
3080 154
1190 17
1188 138
1189 14
3099 112
1187 17
3098 121
1186 68
1185 74
1184 93
3095 111
1183 62
3094 213
1182 83
3097 209
1181 72
3096 168
1180 112
3091 180
3090 141
3093 96
3092 180
1179 131
1177 12
1178 15
1199 103
2683 124
2682 173
2681 104
2680 133
2679 105
2677 17
2678 22
2675 19
2676 16
2673 21
2674 148
2670 96
2672 27
2671 25
2666 95
2667 155
2668 138
2669 167
2662 27
2663 31
2664 61
2665 131
2697 204
2698 107
2695 157
2696 104
2699 147
2690 20
2692 295
2691 36
2694 20
2693 30
2684 152
2685 58
2686 86
2687 138
2688 136
2689 23
1108 181
1109 59
1106 13
1107 12
1104 15
1105 13
1102 13
1103 14
1100 21
1101 21
1110 71
1124 11
1125 10
1122 40
1123 11
1128 13
1129 13
1126 14
1127 11
1132 18
1131 15
1130 11
1119 15
1111 65
1112 94
1113 121
1114 49
1115 48
1116 85
1117 96
1118 16
1121 47
1120 15
1149 15
1148 45
1147 101
1146 79
1145 177
1144 70
1153 51
1154 143
1151 16
1152 42
1150 16
1138 13
1137 12
1139 15
1134 136
1133 18
1136 17
1135 267
1140 14
1141 13
1142 15
1143 199
1169 169
1168 49
1167 71
1166 136
1171 120
1172 114
1170 207
1175 12
1176 15
1173 96
1174 13
1156 13
1155 205
1158 42
1157 17
1159 121
1160 134
1161 128
1162 141
1163 61
1164 77
1165 87
601 20
600 16
609 11
608 15
607 12
606 21
605 93
604 11
603 13
602 11
623 13
622 14
621 13
620 11
627 11
626 30
625 15
624 13
629 18
628 20
610 11
612 15
611 12
614 13
613 11
616 252
615 133
618 42
617 69
619 152
3110 125
3111 143
3112 216
3107 68
3106 134
3109 59
3108 62
3103 144
3102 79
3105 144
3104 93
3100 110
3101 130
687 12
2647 33
686 10
2646 153
689 34
2645 207
688 17
2644 102
3148 107
683 16
2643 72
3149 97
682 14
2642 38
3146 141
685 13
2641 26
3147 148
684 14
2640 13
2649 76
2648 96
3156 109
3155 12
2650 127
3154 129
680 14
3153 192
681 19
3152 163
3151 84
3150 154
3139 116
678 84
2656 111
677 103
2655 26
676 19
2658 24
675 192
2657 128
3135 158
674 28
2652 129
3136 125
673 14
2651 124
3137 92
672 16
2654 23
3138 191
671 121
2653 19
2659 24
679 121
3143 90
3142 189
670 238
3145 123
2660 21
3144 80
2661 26
3141 99
3140 106
3126 43
2621 92
3127 116
2620 197
3124 126
3125 160
2625 191
2624 116
3128 152
2623 122
3129 109
2622 243
2629 110
2628 181
2627 137
2626 104
3130 144
3134 178
3133 109
3132 163
3131 115
3113 84
696 156
2630 65
3114 169
695 190
3115 166
694 61
2632 151
3116 148
693 66
2631 168
3117 147
2634 96
3118 90
699 64
2633 71
3119 60
698 82
2636 17
697 28
2635 19
2638 14
2637 16
2639 14
3121 120
691 65
3120 142
692 16
3123 21
3122 28
690 19
2608 24
2609 88
646 18
2606 172
647 16
2607 26
648 11
2604 105
649 12
2605 93
642 13
2602 23
643 23
2603 78
644 118
2600 26
645 13
2601 36
640 16
641 14
3199 121
3197 52
3198 70
3195 67
3196 69
3193 52
3194 62
3191 47
3192 67
3190 50
2619 125
639 13
637 157
2615 29
638 18
2616 63
635 15
2617 23
636 14
2618 48
633 27
2611 17
634 14
2612 13
631 18
2613 17
632 23
2614 22
3179 81
630 80
2610 111
3186 29
3187 41
3188 70
3189 66
3182 147
3183 114
3184 57
3185 63
3180 81
3181 127
668 14
669 13
660 17
661 33
3169 30
662 12
3168 28
663 10
664 11
665 12
666 15
667 12
3173 83
3174 66
3171 58
3172 116
3177 93
3178 13
3175 109
3176 117
3170 58
659 14
657 18
658 24
3158 96
651 17
3157 211
652 16
3159 21
650 15
655 61
656 20
653 23
654 16
3160 209
3161 25
3162 64
3163 210
3164 144
3165 142
3166 129
3167 70
1091 15
1090 13
1093 13
1092 13
1095 14
1094 11
1097 35
1096 20
1099 200
1098 190
1089 14
1970 34
1971 30
1972 69
1973 73
1974 176
1975 91
1976 250
1977 111
1978 194
1979 22
1080 13
1084 77
1083 108
1082 18
1081 13
1088 108
1990 16
1087 55
1086 27
1085 18
1982 27
1983 17
1078 15
1980 26
1079 15
1981 19
1986 22
1987 24
1984 16
1985 22
1988 100
1989 141
1075 11
1074 10
1077 12
1076 11
1071 82
1070 19
1073 37
1072 88
1995 22
1996 32
1997 163
1998 91
1067 61
1991 33
2599 27
1068 15
1992 34
2598 199
1069 20
1993 27
2597 98
1994 19
2596 137
1999 69
1066 184
2592 153
1065 26
2593 135
1064 15
2594 104
1063 17
2595 136
1062 126
1061 11
1060 11
2590 11
2591 18
2589 20
1058 15
2586 26
1059 12
2585 22
1056 11
2588 15
1057 13
2587 20
2580 152
2584 83
2583 32
2582 156
2581 101
2576 28
2577 31
2574 31
2575 28
2578 34
2579 94
2571 119
2570 122
2573 14
2572 176
2563 12
2564 16
2565 25
2566 31
2567 163
2568 193
2569 178
2562 12
2561 133
2560 107
2558 61
2559 118
2556 108
2557 83
2554 183
2555 122
2552 29
2553 25
2551 21
2550 29
2549 31
2545 85
2546 136
2547 158
2548 25
2541 155
2542 175
2543 107
2544 89
1003 248
1004 12
1001 113
1002 114
1007 43
1008 71
1005 14
1006 39
1009 39
1011 16
1010 97
1900 102
1901 114
1902 99
1903 32
1904 38
1905 112
1906 174
1907 89
1909 54
1908 211
1000 12
1910 86
1917 45
1918 17
1915 147
1916 136
1913 29
1914 26
1911 145
1912 77
1919 26
1920 22
1921 49
1926 92
1927 84
1928 187
1929 136
1922 113
1923 61
1924 159
1925 119
1936 281
1935 78
1934 92
1933 112
1939 196
1938 105
1937 99
1048 83
1047 58
1046 129
1045 59
1932 139
1931 132
1930 170
1049 100
1050 34
1051 150
1054 12
1055 17
1052 76
1053 37
1945 108
1944 26
1947 93
1946 194
1949 32
1948 122
1035 97
1034 93
1037 18
1036 15
1039 16
1941 22
1038 16
1940 31
1943 29
1942 29
1040 14
1041 12
1042 16
1043 71
1044 50
1959 134
1958 110
1957 107
1956 198
1955 34
1954 26
1029 137
1953 18
1028 65
1952 11
1027 13
1951 152
1026 86
1950 22
1025 110
1024 17
1023 16
1032 175
1033 141
1030 100
1031 45
1967 23
1966 24
1969 19
1968 31
1017 24
1963 20
1016 31
1962 183
1019 14
1965 32
1018 12
1964 24
1013 82
1012 188
1015 76
1961 139
1014 100
1960 102
1020 14
1021 14
1022 15
